

#density list

#STEEL MILD
den_st <- 7.850 * 0.0361273
# [1] 0.2835993

